1
1
2
4
4
6
4
8
8
9
8
3
13
2
5
16
1
6
10
13
18
7
22
23
6
25
7
25
6
6
12
13
9
1
18
34
31
18
26
37
23
40
20
1
36
2
28
34
14
5
26
8
38
30
36
30
50
37
28
3
31
54
56
32
31
23
12
51
12
19
67
1
30
47
64
16
41
58
46
47
35
74
76
11
72
69
32
56
27
79
47
18
48
22
77
3
25
74
78
55
14
28
52
55
9
37
37
20
76
96
40
42
10
93
20
43
81
72
26
113
55
63
66
39
19
118
57
45
68
38
101
120
117
120
91
83
72
39
138
129
110
46
112
10
12
48
132
79
136
148
66
79
14
130
21
99
95
75
82
53
139
113
82
158
30
27
156
140
104
74
154
140
61
70
173
82
138
89
66
104
118
123
63
87
108
171
7
178
61
33
37
86
33
24
195
125
121
70
53
131
40
70
64
30
49
96
172
76
50
47
146
100
153
135
38
148
144
38
129
10
30
83
10
148
79
60
112
208
132
163
109
205
156
42
208
88
86
144
126
237
240
114
213
62
147
51
77
168
25
24
235
98
100
119
48
105
77
108
221
155
146
19
139
126
150
204
14
84
61
22
228
35
104
184
163
128
142
97
125
173
267
105
19
86
208
16
68
151
167
25
239
27
68
196
115
254
285
78
105
82
290
151
192
57
25
144
177
266
198
180
12
124
105
295
245
208
99
259
168
42
3
157
247
55
265
8
263
75
251
271
156
163
116
252
189
243
240
139
304
95
23
319
127
305
255
124
129
120
176
37
202
209
314
188
326
321
147
100
209
273
249
313
196
71
148
336
214
130
167
241
127
196
116
361
298
128
4
87
138
78
148
197
214
359
103
271
145
116
330
251
16
374
315
108
251
355
335
103
159
377
150
195
177
113
324
21
42
41
312
118
64
386
205
409
340
255
84
51
416
2
381
407
5
302
240
324
106
378
93
380
24
374
426
238
355
337
318
22
312
365
50
338
252
274
185
213
239
347
218
256
208
408
402
78
351
314
113
395
202
20
446
114
54
212
302
119
64
258
446
82
393
137
185
21
261
390
75
294
113
95
411
159
196
124
394
139
480
331
483
430
200
409
140
315
338
27
495
63
343
29
